[gd_scene load_steps=48 format=3 uid="uid://bqqgyqafm7xwp"]

[ext_resource type="Environment" uid="uid://bqnqgflivjvue" path="res://scenes/main-environment.tres" id="1_ahusb"]
[ext_resource type="Script" uid="uid://djpme521r3cxe" path="res://scripts/main.gd" id="1_jkv2x"]
[ext_resource type="Shader" uid="uid://cnekpjh7prq1e" path="res://scenes/main.gdshader" id="2_0loja"]
[ext_resource type="PackedScene" uid="uid://bis0hgcd7hm7o" path="res://opject_new/banana.tscn" id="3_muem4"]
[ext_resource type="PackedScene" uid="uid://cx3olgl4rhjm0" path="res://MODEL03/enemy_ghost.tscn" id="4_kmb1v"]
[ext_resource type="AudioStream" uid="uid://dtdoyemwfxa1v" path="res://sounds/gamer-music-140-bpm-355954.mp3" id="4_o7ddy"]
[ext_resource type="Script" uid="uid://bcg2kkbsnttec" path="res://scripts/view.gd" id="5_bg0fr"]
[ext_resource type="PackedScene" uid="uid://dl817pjmvagl2" path="res://opject_new/pallet.tscn" id="6_0ld40"]
[ext_resource type="PackedScene" uid="uid://dfpisimsgf5ce" path="res://objects/coin.tscn" id="10_fwhys"]
[ext_resource type="Script" uid="uid://bap462su1xjtx" path="res://scripts/hud.gd" id="11_apvpm"]
[ext_resource type="PackedScene" uid="uid://qh4lkjtaatyr" path="res://mum_model/ChickenCoop.glb" id="13_5he1u"]
[ext_resource type="PackedScene" uid="uid://dy017k58p20sk" path="res://objects/cloud.tscn" id="13_drtpy"]
[ext_resource type="Texture2D" uid="uid://d0o5pixrf3dow" path="res://Peppermint_candy_peppermintCandyTxt-removebg-preview.png" id="15_kmb1v"]
[ext_resource type="FontFile" uid="uid://bnkmhececypy7" path="res://ArunSerB.ttf" id="16_bjg73"]
[ext_resource type="FontFile" uid="uid://d0cxd77jybrcn" path="res://fonts/lilita_one_regular.ttf" id="17_tk810"]
[ext_resource type="Script" uid="uid://cs4a56gqebc52" path="res://scenes/QuizPopup.gd" id="18_bu4jf"]
[ext_resource type="PackedScene" uid="uid://bhle0vc4fh1ta" path="res://MODEL03/floor.tscn" id="18_yc10j"]
[ext_resource type="AudioStream" uid="uid://d4b1u7j4t4ouh" path="res://sounds/mixkit-video-game-win-2016.wav" id="19_o7ddy"]
[ext_resource type="AudioStream" uid="uid://b0fxuj8yysam3" path="res://sounds/game-over-417465.mp3" id="20_0loja"]
[ext_resource type="Script" uid="uid://bicu2eywyvtao" path="res://scenes/tutorial_popup.gd" id="20_bjg73"]
[ext_resource type="PackedScene" uid="uid://kf8w28c3kdav" path="res://opject_new/shipping_container.tscn" id="20_pm3ni"]
[ext_resource type="PackedScene" uid="uid://c5i410t3coqk3" path="res://MODEL03/fence.tscn" id="20_y6deb"]
[ext_resource type="Script" uid="uid://b3w3ah03k8unp" path="res://scenes/WinPopup.gd" id="24_y6deb"]
[ext_resource type="Script" uid="uid://c0vinqay1n2fy" path="res://MODEL03/floordrop.gd" id="26_vxglm"]
[ext_resource type="PackedScene" uid="uid://br66uhieswkg2" path="res://MODEL03/checkpoint.tscn" id="33_5q0nq"]
[ext_resource type="PackedScene" uid="uid://c6ucx63k4bxw0" path="res://opject_new/flag.tscn" id="34_dgi5k"]
[ext_resource type="PackedScene" uid="uid://b5nkw2fso81qr" path="res://MODEL-HALLOWEEN/wooden_sign_-_baked_low_poly.glb" id="34_j8jky"]
[ext_resource type="FontFile" uid="uid://4miclt4i2532" path="res://Allura-Regular.ttf" id="38_c6pm6"]
[ext_resource type="PackedScene" uid="uid://x1yxn1h1bvvv" path="res://mum_tscn/grass_platform.tscn" id="40_5poiv"]
[ext_resource type="PackedScene" uid="uid://c3nvxouvqsikg" path="res://mum_tscn/chicken.tscn" id="41_5poiv"]
[ext_resource type="PackedScene" uid="uid://d0283km1un1br" path="res://mum_model/Big Tree.glb" id="41_chjal"]
[ext_resource type="PackedScene" uid="uid://cb7qtcxrleqd0" path="res://mum_model/Fantasy House.glb" id="41_cjqg0"]
[ext_resource type="PackedScene" uid="uid://7hr1s338eavp" path="res://mum_model/Clover.glb" id="42_cjqg0"]
[ext_resource type="PackedScene" uid="uid://dvwsap6k00mja" path="res://mum_model/Fantasy Stable.glb" id="42_vchkt"]
[ext_resource type="PackedScene" uid="uid://v2rxqtltqy1m" path="res://mum_model/Rock Path Square Wide.glb" id="43_txyw0"]
[ext_resource type="PackedScene" uid="uid://bskawdov4lse" path="res://mum_model/Fern.glb" id="43_vchkt"]
[ext_resource type="PackedScene" uid="uid://cuuhyobpk275r" path="res://mum_tscn/grass__232.tscn" id="44_vc5cj"]
[ext_resource type="PackedScene" uid="uid://b2fv5wym1p8e1" path="res://mum_model/Pine.glb" id="45_nvyfr"]
[ext_resource type="PackedScene" uid="uid://chu58uce0fsf6" path="res://mum_model/Rock Flat.glb" id="46_ty1g6"]
[ext_resource type="PackedScene" uid="uid://bbj0rxae7s3nm" path="res://mum_model/Tree (1).glb" id="47_j2jfr"]
[ext_resource type="PackedScene" uid="uid://it5lrfbt6un0" path="res://mum_tscn/cow.tscn" id="48_nvyfr"]
[ext_resource type="PackedScene" uid="uid://bvxynarw5pxo5" path="res://mum_tscn/Pig.tscn" id="49_ty1g6"]
[ext_resource type="PackedScene" uid="uid://cn6jf75odkhpn" path="res://mum_tscn/root_scene.tscn" id="51_bu4jf"]
[ext_resource type="PackedScene" uid="uid://clyfv0hacvvml" path="res://mum_tscn/hen.tscn" id="53_o7ddy"]

[sub_resource type="ShaderMaterial" id="ShaderMaterial_ids8r"]
render_priority = 0
shader = ExtResource("2_0loja")
shader_parameter/wave_speed = 2.0
shader_parameter/wave_amplitude = 0.005
shader_parameter/wave_frequency = 1.0
shader_parameter/small_wave_amplitude = 0.005
shader_parameter/small_wave_frequency = 1.0
shader_parameter/water_color = Color(0.0686, 0.272277, 0.49, 0.498039)
shader_parameter/reflection_color = Color(0.4, 0.6, 0.9, 1)
shader_parameter/shininess = 1.0
shader_parameter/fresnel_power = 3.0
shader_parameter/fresnel_strength = 0.45

[sub_resource type="PlaneMesh" id="PlaneMesh_dnhof"]
size = Vector2(20, 20)

[sub_resource type="LabelSettings" id="LabelSettings_38ys3"]
font = ExtResource("17_tk810")
font_size = 48
shadow_color = Color(0, 0, 0, 0.376471)
shadow_offset = Vector2(2, 2)

[node name="Main" type="Node3D"]
script = ExtResource("1_jkv2x")

[node name="Water" type="MeshInstance3D" parent="."]
transform = Transform3D(200, 0, 0, 0, 200, 0, 0, 0, 200, 0, -0.909749, 0)
material_override = SubResource("ShaderMaterial_ids8r")
transparency = 0.57
mesh = SubResource("PlaneMesh_dnhof")

[node name="Environment" type="WorldEnvironment" parent="."]
environment = ExtResource("1_ahusb")

[node name="Banana" parent="." groups=["Player"] instance=ExtResource("3_muem4")]
transform = Transform3D(0.999888, -0.0118331, -0.00910985, 0.0118326, 0.99993, -0.000107805, 0.00911049, 0, 0.999959, -0.109637, 0.465214, -7.48439)

[node name="BGM" type="AudioStreamPlayer" parent="."]
stream = ExtResource("4_o7ddy")
volume_db = -10.666
autoplay = true
parameters/looping = true

[node name="Ghost" type="Node3D" parent="."]

[node name="Enemy_Ghost" parent="Ghost" instance=ExtResource("4_kmb1v")]
transform = Transform3D(1, 0, 0, 0, 1, 0, 0, 0, 1, -20.3512, 6.48485, 0.271799)

[node name="Enemy_Ghost8" parent="Ghost" instance=ExtResource("4_kmb1v")]
transform = Transform3D(1, 0, 0, 0, 1, 0, 0, 0, 1, -20.3512, 7.55687, -8.32316)

[node name="Enemy_Ghost9" parent="Ghost" instance=ExtResource("4_kmb1v")]
transform = Transform3D(0.988391, -0.151934, 0, 0.151934, 0.988391, 0, 0, 0, 1, -21.9795, 7.56019, -9.11398)

[node name="Enemy_Ghost10" parent="Ghost" instance=ExtResource("4_kmb1v")]
transform = Transform3D(0.328025, -0.0170757, 0.944515, -0.0108771, 0.999702, 0.021851, -0.944607, -0.0174412, 0.327741, -40.5103, 12.6474, -13.9951)

[node name="Enemy_Ghost11" parent="Ghost" instance=ExtResource("4_kmb1v")]
transform = Transform3D(-0.307968, -0.0241393, 0.95109, -0.0108771, 0.999702, 0.021851, -0.951335, -0.00361565, -0.308139, -43.2938, 12.7077, -10.1658)

[node name="Enemy_Ghost6" parent="Ghost" instance=ExtResource("4_kmb1v")]
transform = Transform3D(1, 0, 0, 0, 1, 0, 0, 0, 1, -20.2724, 5.73001, 6.65411)

[node name="Enemy_Ghost7" parent="Ghost" instance=ExtResource("4_kmb1v")]
transform = Transform3D(-0.999972, 0, 0.00745257, 0, 1, 0, -0.00745257, 0, -0.999972, -0.360046, 3.97276, 16.8804)

[node name="Enemy_Ghost5" parent="Ghost" instance=ExtResource("4_kmb1v")]
transform = Transform3D(0.094664, 0, 0.995509, 0, 1, 0, -0.995509, 0, 0.094664, -21.8397, 4.40577, 15.0966)

[node name="Enemy_Ghost16" parent="Ghost" instance=ExtResource("4_kmb1v")]
transform = Transform3D(-0.529831, 0, 0.848103, 0, 1, 0, -0.848103, 0, -0.529831, -21.2181, 4.09293, 16.7473)

[node name="Enemy_Ghost17" parent="Ghost" instance=ExtResource("4_kmb1v")]
transform = Transform3D(-0.446276, 0, 0.894895, 0, 1, 0, -0.894895, 0, -0.446276, -21.8072, 4.0829, 13.601)

[node name="View" type="Node3D" parent="." node_paths=PackedStringArray("target") groups=["Player"]]
transform = Transform3D(0.707107, -0.298836, 0.640856, 0, 0.906308, 0.422618, -0.707107, -0.298836, 0.640856, 0, 0, 0)
script = ExtResource("5_bg0fr")
target = NodePath("../Banana")

[node name="World" type="Node3D" parent="."]

[node name="cube12" parent="World" instance=ExtResource("13_drtpy")]
transform = Transform3D(-1.02876, -0.695523, 0.652886, -0.929853, 0.945557, -0.457881, -0.213027, -0.768461, -1.15432, -0.862704, 3.30463, 14.3365)

[node name="cube13" parent="World" instance=ExtResource("13_drtpy")]
transform = Transform3D(-1.02876, -0.695523, 0.652886, -0.929853, 0.945557, -0.457881, -0.213027, -0.768461, -1.15432, 1.58234, 4.08741, 16.6363)

[node name="cube14" parent="World" instance=ExtResource("13_drtpy")]
transform = Transform3D(-1.02876, -0.695523, 0.652886, -0.929853, 0.945557, -0.457881, -0.213027, -0.768461, -1.15432, -15.5887, 3.37254, 17.4376)

[node name="cube15" parent="World" instance=ExtResource("13_drtpy")]
transform = Transform3D(-1.02876, -0.695523, 0.652886, -0.929853, 0.945557, -0.457881, -0.213027, -0.768461, -1.15432, -22.2478, 6.73945, 17.4376)

[node name="Pallet" parent="World" instance=ExtResource("6_0ld40")]
transform = Transform3D(1, 0, 0, 0, 1, 0, 0, 0, 1, 0.451592, 0.379087, 4.55488)

[node name="Pallet2" parent="World" instance=ExtResource("6_0ld40")]
transform = Transform3D(1, 0, 0, 0, 1, 0, 0, 0, 1, -1.18906, 0.379087, 4.55488)

[node name="Pallet3" parent="World" instance=ExtResource("6_0ld40")]
transform = Transform3D(1, 0, 0, 0, 1, 0, 0, 0, 1, -0.447643, 0.379087, 6.30169)

[node name="Pallet4" parent="World" instance=ExtResource("6_0ld40")]
transform = Transform3D(1, 0, 0, 0, 0.885702, 0.464255, 0, -0.464255, 0.885702, -0.447643, 0.66205, 8.56279)

[node name="Pallet5" parent="World" instance=ExtResource("6_0ld40")]
transform = Transform3D(1, 0, 0, 0, 0.885702, 0.464255, 0, -0.464255, 0.885702, -0.447643, 1.81018, 10.826)

[node name="Pallet8" parent="World" instance=ExtResource("6_0ld40")]
transform = Transform3D(-0.0647413, -0.0347566, -0.997297, 0, 0.999393, -0.0348297, 0.997902, -0.00225492, -0.064702, -4.06482, 2.73734, 17.9475)

[node name="Pallet9" parent="World" instance=ExtResource("6_0ld40")]
transform = Transform3D(-0.0647413, -0.0347566, -0.997297, 0, 0.999393, -0.0348297, 0.997902, -0.00225492, -0.064702, -4.06482, 2.73734, 16.5115)

[node name="Pallet11" parent="World" instance=ExtResource("6_0ld40")]
transform = Transform3D(-0.0647413, -0.0347566, -0.997297, 0, 0.999393, -0.0348297, 0.997902, -0.00225492, -0.064702, -4.06482, 2.73734, 14.9536)

[node name="Pallet16" parent="World" instance=ExtResource("6_0ld40")]
transform = Transform3D(-0.0647413, -0.0347566, -0.997297, 0, 0.999393, -0.0348297, 0.997902, -0.00225492, -0.064702, -4.06482, 2.73734, 12.611)

[node name="Pallet12" parent="World" instance=ExtResource("6_0ld40")]
transform = Transform3D(-0.0647413, -0.0347566, -0.997297, 0, 0.999393, -0.0348297, 0.997902, -0.00225492, -0.064702, -9.97986, 2.73734, 16.159)

[node name="Pallet19" parent="World" instance=ExtResource("6_0ld40")]
transform = Transform3D(-0.0647413, -0.0347566, -0.997297, 0, 0.999393, -0.0348297, 0.997902, -0.00225492, -0.064702, -9.97986, 2.73734, 18.7381)

[node name="Pallet13" parent="World" instance=ExtResource("6_0ld40")]
transform = Transform3D(-0.0647413, -0.0347566, -0.997297, 0, 0.999393, -0.0348297, 0.997902, -0.00225492, -0.064702, -12.2521, 2.95923, 13.1026)

[node name="Pallet20" parent="World" instance=ExtResource("6_0ld40")]
transform = Transform3D(-0.0647413, -0.0347566, -0.997297, 0, 0.999393, -0.0348297, 0.997902, -0.00225492, -0.064702, -12.2521, 2.95923, 17.1188)

[node name="Pallet14" parent="World" instance=ExtResource("6_0ld40")]
transform = Transform3D(-0.0647413, -0.0347566, -0.997297, 0, 0.999393, -0.0348297, 0.997902, -0.00225492, -0.064702, -14.9495, 2.95923, 13.1026)

[node name="Pallet15" parent="World" instance=ExtResource("6_0ld40")]
transform = Transform3D(-0.0647413, -0.0347566, -0.997297, 0, 0.999393, -0.0348297, 0.997902, -0.00225492, -0.064702, -17.3702, 2.95923, 13.1026)

[node name="Pallet21" parent="World" instance=ExtResource("6_0ld40")]
transform = Transform3D(-0.0647413, -0.0347566, -0.997297, 0, 0.999393, -0.0348297, 0.997902, -0.00225492, -0.064702, -17.3702, 3.97965, 15.7839)

[node name="Pallet10" parent="World" instance=ExtResource("6_0ld40")]
transform = Transform3D(-0.0647413, -0.0347566, -0.997297, 0, 0.999393, -0.0348297, 0.997902, -0.00225492, -0.064702, -7.25174, 2.73734, 14.7652)

[node name="Pallet17" parent="World" instance=ExtResource("6_0ld40")]
transform = Transform3D(-0.0647413, -0.0347566, -0.997297, 0, 0.999393, -0.0348297, 0.997902, -0.00225492, -0.064702, -7.25174, 2.73734, 17.305)

[node name="Pallet18" parent="World" instance=ExtResource("6_0ld40")]
transform = Transform3D(-0.0647413, -0.0347566, -0.997297, 0, 0.999393, -0.0348297, 0.997902, -0.00225492, -0.064702, -7.25174, 2.73734, 10.6358)

[node name="ShippingContainer" parent="World" instance=ExtResource("20_pm3ni")]
transform = Transform3D(1, 0, 0, 0, 1, 0, 0, 0, 1, -0.145834, 0.543479, -11.9941)

[node name="cube" parent="World" instance=ExtResource("13_drtpy")]
transform = Transform3D(1, 0, 0, 0, 1, 0, 0, 0, 1, -3.00711, 3.68352, 15.9013)

[node name="cube2" parent="World" instance=ExtResource("13_drtpy")]
transform = Transform3D(1.92504, 0.602307, -0.244365, -0.701797, 1.65213, -0.670294, 0, 0.820264, 1.52951, -11.848, 3.03572, 15.6826)

[node name="cube3" parent="World" instance=ExtResource("13_drtpy")]
transform = Transform3D(1.92504, 0.602307, -0.244365, -0.701797, 1.65213, -0.670294, 0, 0.820264, 1.52951, -17.1275, 3.03572, 17.3844)

[node name="cube4" parent="World" instance=ExtResource("13_drtpy")]
transform = Transform3D(1.92504, 0.602307, -0.244365, -0.701797, 1.65213, -0.670294, 0, 0.820264, 1.52951, -23.3161, 6.24282, 15.1875)

[node name="ChickenCoop" parent="World" instance=ExtResource("13_5he1u")]
transform = Transform3D(0.973615, 0, -0.228198, 0, 1, 0, 0.228198, 0, 0.973615, 5, 0.412062, -8)

[node name="Sun" type="DirectionalLight3D" parent="."]
transform = Transform3D(-0.782803, -0.475797, 0.401044, 0.000691394, 0.643821, 0.765176, -0.622269, 0.599259, -0.503657, 0, 7.0802, 0)
shadow_enabled = true
shadow_opacity = 0.75

[node name="HUD" type="Control" parent="."]
layout_mode = 3
anchors_preset = 13
anchor_left = 0.5
anchor_right = 0.5
anchor_bottom = 1.0
offset_left = -640.0
offset_right = 640.0
grow_horizontal = 2
grow_vertical = 2
size_flags_horizontal = 8
size_flags_vertical = 8
script = ExtResource("11_apvpm")

[node name="Icon" type="TextureRect" parent="HUD"]
layout_mode = 0
offset_left = 57.0
offset_top = 67.0
offset_right = 2105.0
offset_bottom = 2115.0
scale = Vector2(0.0277707, 0.026457)
texture = ExtResource("15_kmb1v")

[node name="x" type="Label" parent="HUD"]
layout_mode = 0
offset_left = 112.0
offset_top = 64.0
offset_right = 144.0
offset_bottom = 123.0
text = "×"
label_settings = SubResource("LabelSettings_38ys3")
metadata/_edit_use_anchors_ = true

[node name="Coins" type="Label" parent="HUD"]
layout_mode = 0
offset_left = 144.0
offset_top = 64.0
offset_right = 368.0
offset_bottom = 123.0
text = "0"
label_settings = SubResource("LabelSettings_38ys3")
metadata/_edit_use_anchors_ = true

[node name="TimeLabel" type="Label" parent="HUD"]
unique_name_in_owner = true
layout_mode = 0
offset_left = 642.0
offset_right = 891.0
offset_bottom = 50.0
theme_override_fonts/font = ExtResource("38_c6pm6")
theme_override_font_sizes/font_size = 40

[node name="MessageLabel" type="Label" parent="HUD"]
unique_name_in_owner = true
layout_mode = 1
anchors_preset = 8
anchor_left = 0.5
anchor_top = 0.5
anchor_right = 0.5
anchor_bottom = 0.5
offset_left = -478.0
offset_top = -124.0
offset_right = 518.0
offset_bottom = -25.0
grow_horizontal = 2
grow_vertical = 2
theme_override_fonts/font = ExtResource("16_bjg73")
theme_override_font_sizes/font_size = 50
text = "ตอบคำถามให้ถูกต้อง เพื่อเก็บไอเทม แล้วเอาชนะเกมนี้!!"
horizontal_alignment = 1
vertical_alignment = 1

[node name="Control" type="Control" parent="."]
visible = false
layout_mode = 3
anchors_preset = 13
anchor_left = 0.5
anchor_right = 0.5
anchor_bottom = 1.0
offset_left = -640.0
offset_right = 640.0
grow_horizontal = 2
grow_vertical = 2
size_flags_horizontal = 8
size_flags_vertical = 8
script = ExtResource("11_apvpm")

[node name="SettingsButton" type="Button" parent="Control"]
unique_name_in_owner = true
layout_mode = 0
offset_left = 571.0
offset_top = 407.0
offset_right = 736.0
offset_bottom = 478.0
theme_override_font_sizes/font_size = 45
text = "Settings"

[node name="SettingsWindow" type="Window" parent="Control"]
unique_name_in_owner = true
visible = false

[node name="VBoxContainer2" type="Panel" parent="Control"]
layout_mode = 0
offset_right = 1284.0
offset_bottom = 724.0

[node name="CloseButton" type="Button" parent="Control/VBoxContainer2"]
layout_mode = 0
offset_left = 601.0
offset_top = 403.0
offset_right = 712.0
offset_bottom = 466.0
theme_override_font_sizes/font_size = 40
text = "Close"

[node name="Label" type="Label" parent="Control/VBoxContainer2"]
layout_mode = 0
offset_left = 290.0
offset_top = 170.0
offset_right = 493.0
offset_bottom = 212.0
theme_override_font_sizes/font_size = 30
text = "Music Volume"

[node name="MusicSlider" type="HSlider" parent="Control/VBoxContainer2"]
layout_mode = 0
offset_left = 522.0
offset_top = 184.0
offset_right = 530.0
offset_bottom = 200.0
min_value = -30.0
max_value = 0.0

[node name="SFXSlider" type="HSlider" parent="Control/VBoxContainer2"]
layout_mode = 0
offset_left = 525.0
offset_top = 291.0
offset_right = 533.0
offset_bottom = 307.0
min_value = -30.0
max_value = 0.0

[node name="Label2" type="Label" parent="Control/VBoxContainer2"]
layout_mode = 0
offset_left = 297.0
offset_top = 271.0
offset_right = 466.0
offset_bottom = 313.0
theme_override_font_sizes/font_size = 30
text = "SFX Volume"

[node name="CanvasLayer3" type="CanvasLayer" parent="."]
layer = 0

[node name="UIRoot" type="Control" parent="CanvasLayer3"]
layout_mode = 3
anchors_preset = 0
offset_right = 1288.0
offset_bottom = 724.0

[node name="QuizPopup" type="Control" parent="CanvasLayer3/UIRoot"]
unique_name_in_owner = true
layout_mode = 1
anchors_preset = 15
anchor_right = 1.0
anchor_bottom = 1.0
offset_right = 7.0
offset_bottom = 6.0
grow_horizontal = 2
grow_vertical = 2
size_flags_horizontal = 8
size_flags_vertical = 8
script = ExtResource("18_bu4jf")

[node name="Panel" type="Control" parent="CanvasLayer3/UIRoot/QuizPopup"]
layout_mode = 1
anchors_preset = 15
anchor_right = 1.0
anchor_bottom = 1.0
offset_right = 9.0
offset_bottom = 5.0
grow_horizontal = 2
grow_vertical = 2

[node name="QuestionLabel" type="Label" parent="CanvasLayer3/UIRoot/QuizPopup/Panel"]
unique_name_in_owner = true
layout_mode = 0
offset_left = 80.0
offset_top = 97.0
offset_right = 1196.0
offset_bottom = 176.0
theme_override_fonts/font = ExtResource("16_bjg73")
theme_override_font_sizes/font_size = 40
autowrap_mode = 3

[node name="BtnA" type="Button" parent="CanvasLayer3/UIRoot/QuizPopup/Panel"]
unique_name_in_owner = true
layout_mode = 0
offset_left = 209.0
offset_top = 221.0
offset_right = 1052.0
offset_bottom = 287.0
theme_override_fonts/font = ExtResource("16_bjg73")
theme_override_font_sizes/font_size = 30
autowrap_mode = 3

[node name="BtnB" type="Button" parent="CanvasLayer3/UIRoot/QuizPopup/Panel"]
unique_name_in_owner = true
layout_mode = 0
offset_left = 213.0
offset_top = 330.0
offset_right = 1057.0
offset_bottom = 402.0
theme_override_fonts/font = ExtResource("16_bjg73")
theme_override_font_sizes/font_size = 30
autowrap_mode = 3

[node name="BtnC" type="Button" parent="CanvasLayer3/UIRoot/QuizPopup/Panel"]
unique_name_in_owner = true
layout_mode = 0
offset_left = 212.0
offset_top = 432.0
offset_right = 1055.0
offset_bottom = 509.0
theme_override_fonts/font = ExtResource("16_bjg73")
theme_override_font_sizes/font_size = 30
autowrap_mode = 3

[node name="BtnD" type="Button" parent="CanvasLayer3/UIRoot/QuizPopup/Panel"]
unique_name_in_owner = true
layout_mode = 0
offset_left = 214.0
offset_top = 551.0
offset_right = 1054.0
offset_bottom = 617.0
theme_override_fonts/font = ExtResource("16_bjg73")
theme_override_font_sizes/font_size = 30
autowrap_mode = 3

[node name="CanvasLayer" type="CanvasLayer" parent="."]
layer = 2

[node name="WinPopup" type="Control" parent="CanvasLayer"]
layout_mode = 3
anchors_preset = 0
offset_right = 40.0
offset_bottom = 40.0
script = ExtResource("24_y6deb")

[node name="VBoxContainer" type="Panel" parent="CanvasLayer/WinPopup"]
layout_mode = 0
offset_right = 1284.0
offset_bottom = 724.0

[node name="TitleLabel2" type="Label" parent="CanvasLayer/WinPopup/VBoxContainer"]
unique_name_in_owner = true
visible = false
layout_mode = 1
anchors_preset = 8
anchor_left = 0.5
anchor_top = 0.5
anchor_right = 0.5
anchor_bottom = 0.5
offset_left = -197.0
offset_top = -325.0
offset_right = 126.0
offset_bottom = -208.0
grow_horizontal = 2
grow_vertical = 2
theme_override_fonts/font = ExtResource("16_bjg73")
theme_override_font_sizes/font_size = 90
text = "คุณแพ้แล้ว"
horizontal_alignment = 1
vertical_alignment = 1

[node name="TitleLabel" type="Label" parent="CanvasLayer/WinPopup/VBoxContainer"]
unique_name_in_owner = true
visible = false
layout_mode = 1
anchors_preset = 5
anchor_left = 0.5
anchor_right = 0.5
offset_left = -187.0
offset_top = 39.0
offset_right = 98.0
offset_bottom = 156.0
grow_horizontal = 2
theme_override_colors/font_shadow_color = Color(0, 0, 0, 1)
theme_override_colors/font_outline_color = Color(0, 0, 0, 1)
theme_override_constants/line_spacing = 10
theme_override_fonts/font = ExtResource("16_bjg73")
theme_override_font_sizes/font_size = 90
text = "ชนะแล้ว!!"
horizontal_alignment = 1
vertical_alignment = 1

[node name="RestartButton" type="Button" parent="CanvasLayer/WinPopup/VBoxContainer"]
unique_name_in_owner = true
layout_mode = 0
offset_left = 362.0
offset_top = 521.0
offset_right = 527.0
offset_bottom = 592.0
theme_override_fonts/font = ExtResource("16_bjg73")
theme_override_font_sizes/font_size = 45
text = "เล่นใหม่"

[node name="QuitButton" type="Button" parent="CanvasLayer/WinPopup/VBoxContainer"]
unique_name_in_owner = true
layout_mode = 1
anchors_preset = 8
anchor_left = 0.5
anchor_top = 0.5
anchor_right = 0.5
anchor_bottom = 0.5
offset_left = 28.0
offset_top = 160.0
offset_right = 156.0
offset_bottom = 231.0
grow_horizontal = 2
grow_vertical = 2
theme_override_fonts/font = ExtResource("16_bjg73")
theme_override_font_sizes/font_size = 45
text = "ออกเกม"

[node name="HBoxCorrect" type="HBoxContainer" parent="CanvasLayer/WinPopup/VBoxContainer"]
unique_name_in_owner = true
layout_mode = 1
anchors_preset = 5
anchor_left = 0.5
anchor_right = 0.5
offset_left = -158.0
offset_top = 171.0
offset_right = -19.0
offset_bottom = 236.0
grow_horizontal = 2

[node name="Label" type="Label" parent="CanvasLayer/WinPopup/VBoxContainer/HBoxCorrect"]
unique_name_in_owner = true
layout_mode = 2
size_flags_horizontal = 0
theme_override_fonts/font = ExtResource("16_bjg73")
theme_override_font_sizes/font_size = 50
text = "ตอบถูก "

[node name="CorrectValue" type="Label" parent="CanvasLayer/WinPopup/VBoxContainer/HBoxCorrect"]
unique_name_in_owner = true
layout_mode = 2
theme_override_fonts/font = ExtResource("16_bjg73")
theme_override_font_sizes/font_size = 50

[node name="HBoxTotal" type="HBoxContainer" parent="CanvasLayer/WinPopup/VBoxContainer"]
unique_name_in_owner = true
layout_mode = 0
offset_left = 430.0
offset_top = 295.0
offset_right = 630.0
offset_bottom = 360.0

[node name="Label" type="Label" parent="CanvasLayer/WinPopup/VBoxContainer/HBoxTotal"]
layout_mode = 2
theme_override_fonts/font = ExtResource("16_bjg73")
theme_override_font_sizes/font_size = 50
text = "จากทั้งหมด "

[node name="TotalValue" type="Label" parent="CanvasLayer/WinPopup/VBoxContainer/HBoxTotal"]
unique_name_in_owner = true
layout_mode = 2
theme_override_fonts/font = ExtResource("16_bjg73")
theme_override_font_sizes/font_size = 50

[node name="HBoxPercent" type="HBoxContainer" parent="CanvasLayer/WinPopup/VBoxContainer"]
unique_name_in_owner = true
layout_mode = 0
offset_left = 489.0
offset_top = 423.0
offset_right = 684.0
offset_bottom = 488.0

[node name="Label" type="Label" parent="CanvasLayer/WinPopup/VBoxContainer/HBoxPercent"]
layout_mode = 2
theme_override_fonts/font = ExtResource("16_bjg73")
theme_override_font_sizes/font_size = 50
text = "Percen "

[node name="PercentValue" type="Label" parent="CanvasLayer/WinPopup/VBoxContainer/HBoxPercent"]
unique_name_in_owner = true
layout_mode = 2
theme_override_fonts/font = ExtResource("16_bjg73")
theme_override_font_sizes/font_size = 50

[node name="Label2" type="Label" parent="CanvasLayer/WinPopup/VBoxContainer/HBoxPercent"]
unique_name_in_owner = true
layout_mode = 2
theme_override_fonts/font = ExtResource("16_bjg73")
theme_override_font_sizes/font_size = 50
text = "%"

[node name="WinSound" type="AudioStreamPlayer3D" parent="CanvasLayer/WinPopup"]
stream = ExtResource("19_o7ddy")

[node name="LoseSound" type="AudioStreamPlayer3D" parent="CanvasLayer/WinPopup"]
stream = ExtResource("20_0loja")

[node name="CanvasLayer2" type="CanvasLayer" parent="."]

[node name="TutorialPopup" type="Control" parent="CanvasLayer2"]
unique_name_in_owner = true
layout_mode = 3
anchors_preset = 0
offset_right = 40.0
offset_bottom = 40.0
script = ExtResource("20_bjg73")

[node name="Panel" type="Panel" parent="CanvasLayer2/TutorialPopup"]
layout_mode = 0
offset_left = 2.0
offset_top = 2.0
offset_right = 1286.0
offset_bottom = 726.0

[node name="data" type="Label" parent="CanvasLayer2/TutorialPopup/Panel"]
layout_mode = 1
anchors_preset = -1
anchor_left = 0.501558
anchor_top = 0.211326
anchor_right = 0.501558
anchor_bottom = 0.229282
offset_left = -131.0
offset_top = 105.0
offset_right = 122.0
offset_bottom = 209.0
grow_horizontal = 2
theme_override_colors/font_shadow_color = Color(0, 0, 0, 1)
theme_override_colors/font_outline_color = Color(0, 0, 0, 1)
theme_override_constants/line_spacing = 10
theme_override_fonts/font = ExtResource("16_bjg73")
theme_override_font_sizes/font_size = 90
horizontal_alignment = 1
vertical_alignment = 1
metadata/_edit_use_anchors_ = true

[node name="BtnNext" type="Button" parent="CanvasLayer2/TutorialPopup/Panel"]
layout_mode = 0
offset_left = 1105.0
offset_top = 4.0
offset_right = 1270.0
offset_bottom = 75.0
theme_override_fonts/font = ExtResource("16_bjg73")
theme_override_font_sizes/font_size = 45
text = "ถัดไป"
metadata/_edit_use_anchors_ = true

[node name="BtnExit" type="Button" parent="CanvasLayer2/TutorialPopup/Panel"]
layout_mode = 1
anchors_preset = 8
anchor_left = 0.5
anchor_top = 0.5
anchor_right = 0.5
anchor_bottom = 0.5
offset_left = 486.0
offset_top = -361.0
offset_right = 614.0
offset_bottom = -290.0
grow_horizontal = 2
grow_vertical = 2
theme_override_fonts/font = ExtResource("16_bjg73")
theme_override_font_sizes/font_size = 45
text = "เริ่มเลย"
metadata/_edit_use_anchors_ = true

[node name="Floor" parent="." instance=ExtResource("18_yc10j")]
transform = Transform3D(1, 0, 0, 0, 1, 0, 0, 0, 1, -0.378261, 3.78608, 16.1134)

[node name="Floor3" parent="." instance=ExtResource("18_yc10j")]
transform = Transform3D(1, 0, 0, 0, 1, 0, 0, 0, 1, -0.378795, 3.79066, 18.0374)

[node name="Floor2" parent="." instance=ExtResource("18_yc10j")]
transform = Transform3D(1, 0, 0, 0, 0.969548, 0.244901, 0, -0.244901, 0.969548, -0.378261, 3.62552, 14.1421)

[node name="Floor32" parent="." instance=ExtResource("18_yc10j")]
transform = Transform3D(1, 0, 0, 0, 0.840935, 0.541136, 0, -0.541136, 0.840935, -0.378261, 2.94507, 12.3118)

[node name="Floor10" parent="." instance=ExtResource("18_yc10j")]
transform = Transform3D(1, 0, 0, 0, 0.98151, -0.191409, 0, 0.191409, 0.98151, -19.6458, 4.94461, 12.1538)

[node name="Floor11" parent="." instance=ExtResource("18_yc10j")]
transform = Transform3D(1, 0, 0, 0, 0.98151, -0.191409, 0, 0.191409, 0.98151, -21.6194, 4.94461, 12.1538)

[node name="Floor12" parent="." instance=ExtResource("18_yc10j")]
transform = Transform3D(1, 0, 0, 0, 0.98151, -0.191409, 0, 0.191409, 0.98151, -19.6458, 5.37032, 10.2284)

[node name="Floor13" parent="." instance=ExtResource("18_yc10j")]
transform = Transform3D(1, 0, 0, 0, 0.98151, -0.191409, 0, 0.191409, 0.98151, -21.6194, 5.37032, 10.2284)

[node name="Floor14" parent="." instance=ExtResource("18_yc10j")]
transform = Transform3D(1, 0, 0, 0, 0.98151, -0.191409, 0, 0.191409, 0.98151, -19.6458, 5.75496, 8.27091)

[node name="Floor15" parent="." instance=ExtResource("18_yc10j")]
transform = Transform3D(1, 0, 0, 0, 0.98151, -0.191409, 0, 0.191409, 0.98151, -21.6194, 5.75496, 8.27091)

[node name="Floor16" parent="." instance=ExtResource("18_yc10j")]
transform = Transform3D(1, 0, 0, 0, 0.98151, -0.191409, 0, 0.191409, 0.98151, -19.6458, 6.18067, 6.34552)

[node name="Floor17" parent="." instance=ExtResource("18_yc10j")]
transform = Transform3D(1, 0, 0, 0, 0.98151, -0.191409, 0, 0.191409, 0.98151, -21.6194, 6.18067, 6.34552)

[node name="Floor18" parent="." instance=ExtResource("18_yc10j")]
transform = Transform3D(1, 0, 0, 0, 0.996908, 0.0785809, 0, -0.0785809, 0.996908, -19.6168, 6.23656, 4.5569)

[node name="Floor19" parent="." instance=ExtResource("18_yc10j")]
transform = Transform3D(1, 0, 0, 0, 0.996908, 0.0785809, 0, -0.0785809, 0.996908, -21.5904, 6.23656, 4.5569)

[node name="Fence" parent="." instance=ExtResource("20_y6deb")]
transform = Transform3D(0.761255, 0, 0.648452, 0, 1, 0, -0.648452, 0, 0.761255, -20.3248, 4.65927, 18.4873)

[node name="Fence2" parent="." instance=ExtResource("20_y6deb")]
transform = Transform3D(0.98214, 0, -0.188153, 0, 1, 0, 0.188153, 0, 0.98214, -23.6596, 4.67026, 19.3214)

[node name="Fence3" parent="." instance=ExtResource("20_y6deb")]
transform = Transform3D(0.474134, 0, -0.880453, 0, 1, 0, 0.880453, 0, 0.474134, -26.4711, 4.63937, 17.0534)

[node name="Fence6" parent="." instance=ExtResource("20_y6deb")]
transform = Transform3D(-0.398317, 0, -0.917248, 0, 1, 0, 0.917248, 0, -0.398317, -26.6183, 4.63937, 13.6378)

[node name="Fence7" parent="." instance=ExtResource("20_y6deb")]
transform = Transform3D(-0.986748, 0, -0.162258, 0, 1, 0, 0.162258, 0, -0.986748, -24.4893, 4.63937, 12.008)

[node name="Fence4" parent="." instance=ExtResource("20_y6deb")]
transform = Transform3D(-0.00242595, 0, -0.999997, -0.283546, 0.958958, 0.00068787, 0.958956, 0.283547, -0.00232639, -22.7618, 5.44935, 9.43881)

[node name="Fence5" parent="." instance=ExtResource("20_y6deb")]
transform = Transform3D(-0.00242595, 0, -0.999997, -0.0610483, 0.998135, 0.000148101, 0.998132, 0.0610486, -0.00242143, -22.7618, 5.72021, 5.72153)

[node name="floork" type="Node3D" parent="."]

[node name="floor_1" type="Node3D" parent="floork"]

[node name="Floor33" parent="floork/floor_1" instance=ExtResource("18_yc10j")]
transform = Transform3D(1, 0, 0, 0, 0.996908, 0.0785809, 0, -0.0785809, 0.996908, -21.5904, 6.23656, 0.883385)

[node name="Floor34" parent="floork/floor_1" instance=ExtResource("18_yc10j")]
transform = Transform3D(1, 0, 0, 0, 0.996908, 0.0785809, 0, -0.0785809, 0.996908, -19.6579, 6.23656, 0.861456)

[node name="floor_7" type="Node3D" parent="floork"]
transform = Transform3D(1, 0, 0, 0, 1, 0, 0, 0, 1, -50.3219, 13.4585, 0.141599)

[node name="floor_2" type="Node3D" parent="floork"]
transform = Transform3D(1, 0, 0, 0, 1, 0, 0, 0, 1, 0, 0, -3.75747)

[node name="Floor33" parent="floork/floor_2" instance=ExtResource("18_yc10j")]
transform = Transform3D(0.980323, -0.19679, -0.0155119, 0.197401, 0.977292, 0.0770347, -4.5329e-10, -0.0785809, 0.996908, -21.5904, 6.53545, 1.13543)

[node name="Floor34" parent="floork/floor_2" instance=ExtResource("18_yc10j")]
transform = Transform3D(1, 0, 0, 0, 0.987298, -0.158882, 0, 0.158882, 0.987298, -20.1696, 6.23656, 1.0665)

[node name="floor_3" type="Node3D" parent="floork"]
transform = Transform3D(1, 0, 0, 0, 1, 0, 0, 0, 1, 0, 1.40735, -6.07436)

[node name="Floor33" parent="floork/floor_3" instance=ExtResource("18_yc10j")]
transform = Transform3D(1, 0, 0, 0, 0.996908, 0.0785809, 0, -0.0785809, 0.996908, -21.5904, 5.45789, 0.762243)

[node name="Floor34" parent="floork/floor_3" instance=ExtResource("18_yc10j")]
transform = Transform3D(0.983309, 0.181381, 0.0142973, -0.181944, 0.980269, 0.0772693, 0, -0.0785809, 0.996908, -19.6579, 5.56903, 0.295626)

[node name="floor_4" type="Node3D" parent="floork"]
transform = Transform3D(1, 0, 0, 0, 1, 0, 0, 0, 1, 0, 2.68188, -9.18775)

[node name="Floor33" parent="floork/floor_4" instance=ExtResource("18_yc10j")]
transform = Transform3D(0.984359, -0.17563, -0.0138439, 0.176174, 0.981315, 0.0773518, 0, -0.0785809, 0.996908, -21.5904, 4.99353, 0.688275)

[node name="Floor34" parent="floork/floor_4" instance=ExtResource("18_yc10j")]
transform = Transform3D(0.958188, 0.285255, 0.0224851, -0.28614, 0.955225, 0.0752953, 0, -0.0785809, 0.996908, -19.6579, 4.99353, 0.688275)

[node name="floor_5" type="Node3D" parent="floork"]
transform = Transform3D(1, 0, 0, 0, 1, 0, 0, 0, 1, -2.08488, 3.88408, -12.0176)

[node name="Floor33" parent="floork/floor_5" instance=ExtResource("18_yc10j")]
transform = Transform3D(0.896091, 0.359997, -0.259657, -0.353361, 0.932594, 0.0735115, 0.268619, 0.0258796, 0.962899, -21.5904, 6.78793, -0.288858)
script = ExtResource("26_vxglm")

[node name="Floor34" parent="floork/floor_5" instance=ExtResource("18_yc10j")]
transform = Transform3D(1, 0, 0, 0, 0.996908, 0.0785809, 0, -0.0785809, 0.996908, -19.6579, 6.23656, 0.295626)

[node name="Floor35" parent="floork/floor_5" instance=ExtResource("18_yc10j")]
transform = Transform3D(0.395253, 0.000249743, -0.918572, -0.10329, 0.99367, -0.0441747, 0.912746, 0.11234, 0.392778, -17.3344, 5.19421, -0.240949)
script = ExtResource("26_vxglm")

[node name="Floor36" parent="floork/floor_5" instance=ExtResource("18_yc10j")]
transform = Transform3D(0.401615, 0.0821964, -0.912113, -0.239896, 0.970629, -0.0181595, 0.88383, 0.226105, 0.409537, -16.5583, 4.4631, 1.42943)

[node name="floor_6" type="Node3D" parent="floork"]
transform = Transform3D(1, 0, 0, 0, 1, 0, 0, 0, 1, -4.46476, 5.10638, -15.0059)

[node name="Floor33" parent="floork/floor_6" instance=ExtResource("18_yc10j")]
transform = Transform3D(1, 0, 0, 0, 0.996908, 0.0785809, 0, -0.0785809, 0.996908, -21.5904, 6.23656, 0.295626)

[node name="Floor34" parent="floork/floor_6" instance=ExtResource("18_yc10j")]
transform = Transform3D(1, 0, 0, 0, 0.996908, 0.0785809, 0, -0.0785809, 0.996908, -19.6579, 6.23656, 0.295626)

[node name="Floor35" parent="floork/floor_6" instance=ExtResource("18_yc10j")]
transform = Transform3D(0.965767, 0.0512667, -0.254293, -0.0501405, 0.998683, 0.0109129, 0.254518, 0.00221109, 0.967066, -42.7516, 10.1701, 0.702375)

[node name="Floor36" parent="floork/floor_6" instance=ExtResource("18_yc10j")]
transform = Transform3D(0.958949, 0.0511934, -0.278917, -0.0501405, 0.998683, 0.0109129, 0.279109, 0.00352018, 0.960253, -41.9109, 10.1701, -2.36231)

[node name="Floor37" parent="floork/floor_6" instance=ExtResource("18_yc10j")]
transform = Transform3D(0.969009, 0.0561996, -0.240546, -0.0568028, 0.998376, 0.00443108, 0.240404, 0.00936994, 0.970628, -39.8046, 8.98401, -1.86913)

[node name="Pallet" type="Node3D" parent="."]
transform = Transform3D(1, 0, 0, 0, 1, 0, 0, 0, 1, -28.6263, 11.6684, -19.778)

[node name="Pallet" type="Node3D" parent="Pallet"]

[node name="Pallet6" parent="Pallet/Pallet" instance=ExtResource("6_0ld40")]
transform = Transform3D(1, 0, 0, 0, 1, 0, 0, 0, 1, 0.451591, 0.379087, 4.55488)

[node name="Pallet7" parent="Pallet/Pallet" instance=ExtResource("6_0ld40")]
transform = Transform3D(1, 0, 0, 0, 1, 0, 0, 0, 1, 0.451591, 0.379087, 5.75014)

[node name="Pallet2" type="Node3D" parent="Pallet"]
transform = Transform3D(1, 0, 0, 0, 1, 0, 0, 0, 1, -1.7624, 0.453007, 0)

[node name="Pallet6" parent="Pallet/Pallet2" instance=ExtResource("6_0ld40")]
transform = Transform3D(1, 0, 0, 0, 1, 0, 0, 0, 1, 0.451591, 0.379087, 4.55488)

[node name="Pallet7" parent="Pallet/Pallet2" instance=ExtResource("6_0ld40")]
transform = Transform3D(1, 0, 0, 0, 1, 0, 0, 0, 1, 0.451591, 0.379087, 5.75014)

[node name="Pallet3" type="Node3D" parent="Pallet"]
transform = Transform3D(1, 0, 0, 0, 1, 0, 0, 0, 1, -1.7624, 0.453007, 3.01389)

[node name="Pallet6" parent="Pallet/Pallet3" instance=ExtResource("6_0ld40")]
transform = Transform3D(1, 0, 0, 0, 1, 0, 0, 0, 1, 0.451591, 0.379087, 4.55488)

[node name="Pallet7" parent="Pallet/Pallet3" instance=ExtResource("6_0ld40")]
transform = Transform3D(1, 0, 0, 0, 1, 0, 0, 0, 1, 0.451591, 0.379087, 5.75014)

[node name="Pallet5" type="Node3D" parent="Pallet"]
transform = Transform3D(1, 0, 0, 0, 1, 0, 0, 0, 1, -3.91654, 0.453007, -2.86568)

[node name="Pallet6" parent="Pallet/Pallet5" instance=ExtResource("6_0ld40")]
transform = Transform3D(1, 0, 0, 0, 1, 0, 0, 0, 1, 0.451591, 0.379087, 4.55488)

[node name="Pallet7" parent="Pallet/Pallet5" instance=ExtResource("6_0ld40")]
transform = Transform3D(1, 0, 0, 0, 1, 0, 0, 0, 1, 0.451591, 0.379087, 5.75014)

[node name="Pallet6" type="Node3D" parent="Pallet"]
transform = Transform3D(1, 0, 0, 0, 1, 0, 0, 0, 1, -6.37791, 0.453007, -2.86568)

[node name="Pallet6" parent="Pallet/Pallet6" instance=ExtResource("6_0ld40")]
transform = Transform3D(1, 0, 0, 0, 1, 0, 0, 0, 1, 0.451591, 0.379087, 4.55488)

[node name="Pallet7" parent="Pallet/Pallet6" instance=ExtResource("6_0ld40")]
transform = Transform3D(1, 0, 0, 0, 1, 0, 0, 0, 1, 0.451591, 0.379087, 5.75014)

[node name="Pallet7" type="Node3D" parent="Pallet"]
transform = Transform3D(1, 0, 0, 0, 1, 0, 0, 0, 1, -6.37791, 0.453007, 0.216106)

[node name="Pallet6" parent="Pallet/Pallet7" instance=ExtResource("6_0ld40")]
transform = Transform3D(1, 0, 0, 0, 1, 0, 0, 0, 1, 0.451591, 0.379087, 4.55488)

[node name="Pallet7" parent="Pallet/Pallet7" instance=ExtResource("6_0ld40")]
transform = Transform3D(1, 0, 0, 0, 1, 0, 0, 0, 1, 0.451591, 0.379087, 5.75014)

[node name="Pallet8" type="Node3D" parent="Pallet"]
transform = Transform3D(1, 0, 0, 0, 1, 0, 0, 0, 1, -8.78729, 0.453007, 0.216106)

[node name="Pallet9" type="Node3D" parent="Pallet"]
transform = Transform3D(1, 0, 0, 0, 1, 0, 0, 0, 1, -8.78729, 0.453007, 3.5222)

[node name="Pallet10" type="Node3D" parent="Pallet"]
transform = Transform3D(1, 0, 0, 0, 1, 0, 0, 0, 1, -11.1762, 0.453007, 5.31024)

[node name="Pallet12" type="Node3D" parent="Pallet"]
transform = Transform3D(1, 0, 0, 0, 1, 0, 0, 0, 1, -13.4212, 0.453007, -0.330776)

[node name="Pallet13" type="Node3D" parent="Pallet"]
transform = Transform3D(1, 0, 0, 0, 1, 0, 0, 0, 1, -13.4212, 1.03184, 3.43106)

[node name="Pallet14" type="Node3D" parent="Pallet"]
transform = Transform3D(1, 0, 0, 0, 1, 0, 0, 0, 1, -14.8801, 1.41076, 5.3956)

[node name="Pallet15" type="Node3D" parent="Pallet"]
transform = Transform3D(1, 0, 0, 0, 1, 0, 0, 0, 1, -16.4973, 2.07049, 5.3956)

[node name="Pallet16" type="Node3D" parent="Pallet"]
transform = Transform3D(1, 0, 0, 0, 1, 0, 0, 0, 1, -18.8372, 2.09841, 5.1616)

[node name="Pallet17" type="Node3D" parent="Pallet"]
transform = Transform3D(1, 0, 0, 0, 1, 0, 0, 0, 1, -18.8372, 2.09841, 0.929987)

[node name="Pallet18" type="Node3D" parent="Pallet"]
transform = Transform3D(1, 0, 0, 0, 1, 0, 0, 0, 1, -20.641, 2.99741, 0.929987)

[node name="Pallet19" type="Node3D" parent="Pallet"]
transform = Transform3D(1, 0, 0, 0, 1, 0, 0, 0, 1, -22.4664, 3.95936, 3.78179)

[node name="Pallet20" type="Node3D" parent="Pallet"]
